2026-09-20T22:09:06.5548488+07:00 11,370,246,144
2026-09-20T22:09:09.5870605+07:00 11,752,062,976
2026-09-20T22:09:12.5930062+07:00 12,209,586,176
2026-09-20T22:09:15.6179285+07:00 12,494,569,472
2026-09-20T22:09:18.6353805+07:00 12,538,089,472
2026-09-20T22:09:21.6520273+07:00 16,275,996,672
2026-09-20T22:09:24.6649945+07:00 13,633,470,464
2026-09-20T22:09:27.6850092+07:00 13,999,235,072
2026-09-20T22:09:30.7132282+07:00 14,336,659,456
2026-09-20T22:09:33.7420661+07:00 15,031,496,704
2026-09-20T22:09:36.7670505+07:00 15,428,390,912
2026-09-20T22:09:39.7869563+07:00 15,859,572,736
2026-09-20T22:09:42.8100503+07:00 15,617,146,880
2026-09-20T22:09:45.8280745+07:00 15,883,980,800
2026-09-20T22:09:48.8399041+07:00 16,250,609,664
2026-09-20T22:09:51.8582958+07:00 16,517,926,912
2026-09-20T22:09:54.8775966+07:00 16,829,546,496
2026-09-20T22:09:57.8934923+07:00 17,032,122,368
2026-09-20T22:10:00.9018404+07:00 17,319,493,632
2026-09-20T22:10:03.9339103+07:00 17,513,422,848
2026-09-20T22:10:06.9444854+07:00 17,608,417,280
2026-09-20T22:10:09.9731029+07:00 17,859,051,520
2026-09-20T22:10:12.9924321+07:00 17,941,180,416
2026-09-20T22:10:16.0058330+07:00 18,248,957,952
2026-09-20T22:10:19.0276281+07:00 18,546,049,024
2026-09-20T22:10:22.0329429+07:00 18,940,440,576
2026-09-20T22:10:25.0411019+07:00 19,014,242,304
2026-09-20T22:10:28.0681824+07:00 19,135,528,960
2026-09-20T22:10:31.0838989+07:00 19,489,345,536
2026-09-20T22:10:34.1018383+07:00 19,883,687,936
2026-09-20T22:10:37.1195430+07:00 19,984,732,160
2026-09-20T22:10:40.1416612+07:00 20,223,610,880
2026-09-20T22:10:43.1606860+07:00 20,373,344,256
2026-09-20T22:10:46.1781651+07:00 20,494,045,184
2026-09-20T22:10:49.2051715+07:00 19,988,459,520
2026-09-20T22:10:52.2373358+07:00 19,987,984,384
2026-09-20T22:10:55.2677355+07:00 20,034,383,872
2026-09-20T22:10:58.2761490+07:00 20,041,859,072
2026-09-20T22:11:01.2844041+07:00 20,042,162,176
2026-09-20T22:11:04.3012425+07:00 20,004,974,592
2026-09-20T22:11:07.3156502+07:00 19,993,772,032
2026-09-20T22:11:10.3363289+07:00 19,986,292,736
2026-09-20T22:11:13.3639933+07:00 19,995,746,304
2026-09-20T22:11:16.3816422+07:00 19,999,928,320
2026-09-20T22:11:19.4071390+07:00 20,037,222,400
2026-09-20T22:11:22.4202100+07:00 20,087,996,416
2026-09-20T22:11:25.4398249+07:00 20,079,857,664
2026-09-20T22:11:28.4593466+07:00 20,247,392,256
2026-09-20T22:11:31.4674736+07:00 20,091,895,808
2026-09-20T22:11:34.4920123+07:00 20,068,106,240
2026-09-20T22:11:37.5010149+07:00 20,041,170,944
2026-09-20T22:11:40.5229154+07:00 20,196,593,664
2026-09-20T22:11:43.5416184+07:00 20,208,214,016
2026-09-20T22:11:46.5594884+07:00 20,204,605,440
2026-09-20T22:11:49.5738900+07:00 20,313,460,736
2026-09-20T22:11:52.5889312+07:00 20,444,491,776
2026-09-20T22:11:55.5967338+07:00 20,627,238,912
2026-09-20T22:11:58.6062001+07:00 20,717,797,376
2026-09-20T22:12:01.6182456+07:00 20,849,631,232
2026-09-20T22:12:04.6355500+07:00 20,915,118,080
2026-09-20T22:12:07.6494786+07:00 21,077,274,624
2026-09-20T22:12:10.6737402+07:00 21,243,613,184
2026-09-20T22:12:13.6810691+07:00 21,396,254,720
2026-09-20T22:12:16.6839850+07:00 21,526,233,088
2026-09-20T22:12:19.7126509+07:00 21,661,691,904
2026-09-20T22:12:22.7263536+07:00 22,148,804,608
2026-09-20T22:12:25.7331851+07:00 22,677,585,920
2026-09-20T22:12:28.7400448+07:00 22,833,897,472
2026-09-20T22:12:31.7553110+07:00 23,009,673,216
2026-09-20T22:12:34.7727154+07:00 22,969,110,528
2026-09-20T22:12:37.7974496+07:00 23,056,732,160
2026-09-20T22:12:40.8176713+07:00 23,150,743,552
2026-09-20T22:12:43.8311812+07:00 23,321,403,392
2026-09-20T22:12:46.8483947+07:00 23,315,054,592
2026-09-20T22:12:49.8551433+07:00 23,387,430,912
2026-09-20T22:12:52.8738257+07:00 23,501,783,040
2026-09-20T22:12:55.9007766+07:00 23,602,794,496
2026-09-20T22:12:58.9285081+07:00 23,817,478,144
2026-09-20T22:13:01.9522618+07:00 23,635,005,440
2026-09-20T22:13:04.9798289+07:00 23,666,094,080
2026-09-20T22:13:07.9976138+07:00 23,754,825,728
2026-09-20T22:13:11.0230538+07:00 23,852,748,800
2026-09-20T22:13:14.0339616+07:00 23,827,410,944
2026-09-20T22:13:17.0461096+07:00 23,944,888,320
2026-09-20T22:13:20.0679396+07:00 24,073,007,104
2026-09-20T22:13:23.0892201+07:00 24,155,881,472
2026-09-20T22:13:26.1047603+07:00 24,184,119,296
2026-09-20T22:13:29.1091248+07:00 24,237,719,552
2026-09-20T22:13:32.1248542+07:00 24,351,072,256
2026-09-20T22:13:35.1373070+07:00 24,728,899,584
2026-09-20T22:13:38.1663293+07:00 24,827,744,256
2026-09-20T22:13:41.1960997+07:00 24,834,924,544
2026-09-20T22:13:44.2209583+07:00 24,854,089,728
2026-09-20T22:13:47.2327458+07:00 24,900,870,144
2026-09-20T22:13:50.2479434+07:00 24,986,644,480
2026-09-20T22:13:53.2688030+07:00 25,101,414,400
2026-09-20T22:13:56.2890363+07:00 25,188,446,208
2026-09-20T22:13:59.3041151+07:00 25,420,103,680
2026-09-20T22:14:02.3197084+07:00 25,474,588,672
2026-09-20T22:14:05.3466918+07:00 25,543,770,112
2026-09-20T22:14:08.3656311+07:00 25,612,742,656
2026-09-20T22:14:11.3708358+07:00 25,621,467,136
2026-09-20T22:14:14.3920368+07:00 25,722,679,296
2026-09-20T22:14:17.4068789+07:00 25,813,110,784
2026-09-20T22:14:20.4207209+07:00 25,902,751,744
2026-09-20T22:14:23.4390229+07:00 26,047,496,192
2026-09-20T22:14:26.4531934+07:00 26,097,565,696
2026-09-20T22:14:29.4720462+07:00 26,093,977,600
2026-09-20T22:14:32.4751900+07:00 26,180,796,416
2026-09-20T22:14:35.4829241+07:00 26,282,643,456
2026-09-20T22:14:38.4958669+07:00 26,375,729,152
2026-09-20T22:14:41.5121202+07:00 26,467,786,752
2026-09-20T22:14:44.5197112+07:00 26,538,524,672
2026-09-20T22:14:47.5421345+07:00 27,028,455,424
2026-09-20T22:14:50.5708788+07:00 27,047,796,736
2026-09-20T22:14:53.5940665+07:00 27,050,168,320
2026-09-20T22:14:56.6208163+07:00 27,068,354,560
2026-09-20T22:14:59.6356432+07:00 27,127,898,112
2026-09-20T22:15:02.6545321+07:00 27,173,883,904
2026-09-20T22:15:05.6810790+07:00 27,175,976,960
2026-09-20T22:15:08.6913868+07:00 27,280,654,336
2026-09-20T22:15:11.7031179+07:00 27,370,082,304
2026-09-20T22:15:14.7070057+07:00 27,465,936,896
2026-09-20T22:15:17.7212481+07:00 27,541,372,928
2026-09-20T22:15:20.7242074+07:00 27,626,311,680
2026-09-20T22:15:23.7501656+07:00 27,710,386,176
2026-09-20T22:15:26.7535437+07:00 27,817,734,144
2026-09-20T22:15:29.7660806+07:00 27,917,893,632
2026-09-20T22:15:32.7941359+07:00 28,010,422,272
2026-09-20T22:15:35.7994955+07:00 28,096,380,928
2026-09-20T22:15:38.8086516+07:00 28,103,278,592
2026-09-20T22:15:41.8217074+07:00 28,179,099,648
2026-09-20T22:15:44.8421864+07:00 28,289,052,672
2026-09-20T22:15:47.8587570+07:00 28,404,617,216
2026-09-20T22:15:50.8665789+07:00 28,489,977,856
2026-09-20T22:15:53.8741223+07:00 28,498,075,648
2026-09-20T22:15:56.8860404+07:00 28,526,989,312
2026-09-20T22:15:59.8913993+07:00 28,597,723,136
2026-09-20T22:16:02.9103655+07:00 28,691,554,304
2026-09-20T22:16:05.9196025+07:00 28,982,988,800
2026-09-20T22:16:08.9342882+07:00 29,037,600,768
2026-09-20T22:16:11.9487070+07:00 29,268,795,392
2026-09-20T22:16:14.9678158+07:00 29,488,312,320
2026-09-20T22:16:17.9931863+07:00 29,492,465,664
2026-09-20T22:16:20.9968937+07:00 29,738,156,032
2026-09-20T22:16:24.0113116+07:00 29,928,558,592
2026-09-20T22:16:27.0390162+07:00 30,118,723,584
2026-09-20T22:16:30.0536082+07:00 30,138,265,600
2026-09-20T22:16:33.0760652+07:00 30,218,080,256
2026-09-20T22:16:36.0841397+07:00 30,402,822,144
2026-09-20T22:16:39.1044090+07:00 30,584,315,904
2026-09-20T22:16:42.1162022+07:00 30,636,666,880
2026-09-20T22:16:45.1383804+07:00 30,828,969,984
2026-09-20T22:16:48.1513678+07:00 31,005,294,592
2026-09-20T22:16:51.1673463+07:00 31,069,556,736
2026-09-20T22:16:54.1959022+07:00 31,125,397,504
2026-09-20T22:16:57.2183745+07:00 31,291,965,440
2026-09-20T22:17:00.2338175+07:00 31,455,346,688
2026-09-20T22:17:03.2410010+07:00 31,594,418,176
2026-09-20T22:17:06.2656474+07:00 31,704,678,400
2026-09-20T22:17:09.2800958+07:00 31,769,456,640
2026-09-20T22:17:12.2856046+07:00 31,834,783,744
2026-09-20T22:17:15.2979141+07:00 31,974,240,256
2026-09-20T22:17:18.3146636+07:00 32,056,635,392
2026-09-20T22:17:21.3167075+07:00 32,105,533,440
2026-09-20T22:17:24.3285099+07:00 32,209,117,184
2026-09-20T22:17:27.3534444+07:00 32,374,534,144
2026-09-20T22:17:30.3644620+07:00 32,528,044,032
2026-09-20T22:17:33.3814892+07:00 32,688,549,888
2026-09-20T22:17:36.4122695+07:00 32,705,437,696
2026-09-20T22:17:39.4430298+07:00 32,736,968,704
2026-09-20T22:17:42.4531222+07:00 32,880,762,880
2026-09-20T22:17:45.4802465+07:00 32,884,678,656
2026-09-20T22:17:48.4901634+07:00 33,038,778,368
2026-09-20T22:17:51.5165908+07:00 33,115,959,296
2026-09-20T22:17:54.5190737+07:00 33,157,177,344
2026-09-20T22:17:57.5356464+07:00 33,185,660,928
2026-09-20T22:18:00.5548676+07:00 33,235,046,400
2026-09-20T22:18:03.5715212+07:00 33,338,802,176
2026-09-20T22:18:06.5845397+07:00 33,535,950,848
2026-09-20T22:18:09.6105482+07:00 33,733,455,872
2026-09-20T22:18:12.6285191+07:00 33,830,027,264
2026-09-20T22:18:15.6429309+07:00 34,112,245,760
2026-09-20T22:18:18.6621898+07:00 33,924,259,840
2026-09-20T22:18:21.6834720+07:00 33,923,358,720
2026-09-20T22:18:24.6919785+07:00 33,921,417,216
2026-09-20T22:18:27.7084431+07:00 33,924,542,464
2026-09-20T22:18:30.7373147+07:00 33,919,692,800
2026-09-20T22:18:33.7466979+07:00 33,924,173,824
2026-09-20T22:18:36.7750989+07:00 33,928,232,960
2026-09-20T22:18:39.7810212+07:00 33,927,516,160
2026-09-20T22:18:42.7856309+07:00 33,929,035,776
2026-09-20T22:18:45.7961223+07:00 33,931,141,120
2026-09-20T22:18:48.8106901+07:00 33,932,197,888
2026-09-20T22:18:51.8313368+07:00 33,927,335,936
2026-09-20T22:18:54.8415114+07:00 33,934,176,256
2026-09-20T22:18:57.8567543+07:00 33,956,564,992
2026-09-20T22:19:00.8734009+07:00 33,955,418,112
2026-09-20T22:19:03.9082498+07:00 33,951,793,152
2026-09-20T22:19:06.9231243+07:00 33,352,450,048
2026-09-20T22:19:09.9430834+07:00 33,344,053,248
2026-09-20T22:19:12.9616310+07:00 33,349,636,096
2026-09-20T22:19:15.9688471+07:00 33,329,410,048
2026-09-20T22:19:18.9693626+07:00 33,345,667,072
2026-09-20T22:19:21.9745427+07:00 33,339,748,352
2026-09-20T22:19:24.9870279+07:00 33,358,565,376
2026-09-20T22:19:27.9968684+07:00 33,371,525,120
2026-09-20T22:19:31.0102692+07:00 33,519,468,544
2026-09-20T22:19:34.0258075+07:00 33,703,251,968
2026-09-20T22:19:37.0444597+07:00 33,703,104,512
2026-09-20T22:19:40.0690251+07:00 33,704,443,904
2026-09-20T22:19:43.0915588+07:00 33,771,798,528
2026-09-20T22:19:46.1112998+07:00 33,762,615,296
2026-09-20T22:19:49.1291330+07:00 33,760,632,832
2026-09-20T22:19:52.1428816+07:00 33,863,815,168
2026-09-20T22:19:55.1596522+07:00 34,101,067,776
2026-09-20T22:19:58.1735525+07:00 34,214,690,816
2026-09-20T22:20:01.1918084+07:00 34,352,050,176
2026-09-20T22:20:04.2092894+07:00 34,428,248,064
2026-09-20T22:20:07.2191816+07:00 34,646,409,216
2026-09-20T22:20:10.2335469+07:00 34,866,659,328
2026-09-20T22:20:13.2371089+07:00 34,966,233,088
2026-09-20T22:20:16.2664079+07:00 35,184,082,944
2026-09-20T22:20:19.2666600+07:00 35,354,644,480
2026-09-20T22:20:22.2820393+07:00 35,397,435,392
2026-09-20T22:20:25.3245934+07:00 35,579,523,072
2026-09-20T22:20:28.3698880+07:00 35,748,425,728
2026-09-20T22:20:31.4165193+07:00 35,917,459,456
2026-09-20T22:20:34.4474192+07:00 36,052,348,928
2026-09-20T22:20:37.5063542+07:00 36,241,743,872
2026-09-20T22:20:40.5269932+07:00 36,344,549,376
2026-09-20T22:20:43.5479399+07:00 36,493,000,704
2026-09-20T22:20:46.5647514+07:00 36,240,572,416
2026-09-20T22:20:49.5901985+07:00 36,310,712,320
2026-09-20T22:20:52.6095654+07:00 36,409,581,568
2026-09-20T22:20:55.6223144+07:00 36,490,903,552
2026-09-20T22:20:58.6342829+07:00 36,520,374,272
2026-09-20T22:21:01.6595909+07:00 36,545,908,736
2026-09-20T22:21:04.6903168+07:00 36,544,053,248
2026-09-20T22:21:07.7161641+07:00 36,540,194,816
2026-09-20T22:21:10.7376218+07:00 36,538,281,984
2026-09-20T22:21:13.7502572+07:00 36,538,949,632
2026-09-20T22:21:16.7693571+07:00 36,535,283,712
2026-09-20T22:21:19.7811504+07:00 36,531,372,032
2026-09-20T22:21:22.7862975+07:00 36,534,173,696
2026-09-20T22:21:25.7921278+07:00 36,697,948,160
2026-09-20T22:21:28.8063970+07:00 36,694,036,480
2026-09-20T22:21:31.8235993+07:00 37,036,474,368
2026-09-20T22:21:34.8430388+07:00 37,452,746,752
2026-09-20T22:21:37.8582086+07:00 25,246,838,784
2026-09-20T22:21:40.8838942+07:00 12,523,089,920
2026-09-20T22:21:43.8872098+07:00 12,043,014,144
