2026-09-20T21:24:33.2703571+07:00 12,011,118,592 38,508,871,680
2026-09-20T21:24:36.3130361+07:00 12,192,231,424 38,508,871,680
2026-09-20T21:24:39.3181044+07:00 12,430,528,512 38,508,871,680
2026-09-20T21:24:42.3329613+07:00 12,710,584,320 38,508,871,680
2026-09-20T21:24:45.3605161+07:00 13,099,368,448 38,508,871,680
2026-09-20T21:24:48.3762423+07:00 13,208,100,864 38,508,871,680
2026-09-20T21:24:51.3917601+07:00 13,205,372,928 38,508,871,680
2026-09-20T21:24:54.4169494+07:00 14,439,522,304 38,508,871,680
2026-09-20T21:24:57.4372029+07:00 13,904,027,648 38,508,871,680
2026-09-20T21:25:00.4519481+07:00 14,637,031,424 38,508,871,680
2026-09-20T21:25:03.4574524+07:00 14,878,466,048 38,508,871,680
2026-09-20T21:25:06.4689719+07:00 15,526,060,032 38,508,871,680
2026-09-20T21:25:09.4864409+07:00 15,863,373,824 38,508,871,680
2026-09-20T21:25:12.5019895+07:00 16,267,784,192 38,508,871,680
2026-09-20T21:25:15.5136936+07:00 16,577,716,224 38,508,871,680
2026-09-20T21:25:18.5328119+07:00 16,308,662,272 38,508,871,680
2026-09-20T21:25:21.5452874+07:00 16,595,611,648 38,508,871,680
2026-09-20T21:25:24.5565258+07:00 16,887,746,560 38,508,871,680
2026-09-20T21:25:27.5871008+07:00 17,106,620,416 38,508,871,680
2026-09-20T21:25:30.6065951+07:00 17,439,481,856 38,508,871,680
2026-09-20T21:25:33.6182009+07:00 17,662,070,784 38,508,871,680
2026-09-20T21:25:36.6446972+07:00 17,875,681,280 38,508,871,680
2026-09-20T21:25:39.6616932+07:00 18,169,061,376 38,508,871,680
2026-09-20T21:25:42.6832547+07:00 18,381,840,384 38,508,871,680
2026-09-20T21:25:45.6910822+07:00 18,543,288,320 38,508,871,680
2026-09-20T21:25:48.7121046+07:00 18,758,488,064 38,508,871,680
2026-09-20T21:25:51.7271654+07:00 18,884,001,792 38,508,871,680
2026-09-20T21:25:54.7355847+07:00 19,160,039,424 38,508,871,680
2026-09-20T21:25:57.7509409+07:00 19,550,441,472 38,508,871,680
2026-09-20T21:26:00.7662463+07:00 19,892,641,792 38,508,871,680
2026-09-20T21:26:03.7891916+07:00 20,219,207,680 38,508,871,680
2026-09-20T21:26:06.8009243+07:00 20,119,973,888 38,508,871,680
2026-09-20T21:26:09.8138327+07:00 20,171,124,736 38,508,871,680
2026-09-20T21:26:12.8331375+07:00 20,525,404,160 38,508,871,680
2026-09-20T21:26:15.8601335+07:00 20,869,517,312 38,508,871,680
2026-09-20T21:26:18.8838638+07:00 20,967,202,816 38,508,871,680
2026-09-20T21:26:21.9007552+07:00 21,178,433,536 38,508,871,680
2026-09-20T21:26:24.9142578+07:00 21,274,943,488 38,508,871,680
2026-09-20T21:26:27.9291303+07:00 21,466,472,448 38,508,871,680
2026-09-20T21:26:30.9345355+07:00 21,500,391,424 38,508,871,680
2026-09-20T21:26:33.9461181+07:00 20,995,219,456 38,508,871,680
2026-09-20T21:26:36.9664219+07:00 20,994,101,248 38,508,871,680
2026-09-20T21:26:39.9679781+07:00 20,969,889,792 38,508,871,680
2026-09-20T21:26:42.9824369+07:00 20,972,089,344 38,508,871,680
2026-09-20T21:26:46.0001070+07:00 20,979,187,712 38,508,871,680
2026-09-20T21:26:49.0143896+07:00 20,990,533,632 38,508,871,680
2026-09-20T21:26:52.0276844+07:00 20,988,764,160 38,508,871,680
2026-09-20T21:26:55.0447191+07:00 20,983,726,080 38,508,871,680
2026-09-20T21:26:58.0688121+07:00 20,964,421,632 38,508,871,680
2026-09-20T21:27:01.0840262+07:00 20,967,833,600 38,508,871,680
2026-09-20T21:27:04.1011687+07:00 21,037,748,224 38,508,871,680
2026-09-20T21:27:07.1203012+07:00 20,968,980,480 38,508,871,680
2026-09-20T21:27:10.1396718+07:00 20,967,653,376 38,508,871,680
2026-09-20T21:27:13.1463104+07:00 20,967,550,976 38,508,871,680
2026-09-20T21:27:16.1636720+07:00 20,993,142,784 38,508,871,680
2026-09-20T21:27:19.1817710+07:00 20,989,517,824 38,508,871,680
2026-09-20T21:27:22.1913482+07:00 20,986,662,912 38,508,871,680
2026-09-20T21:27:25.2140561+07:00 20,978,360,320 38,508,871,680
2026-09-20T21:27:28.2341612+07:00 21,219,966,976 38,508,871,680
2026-09-20T21:27:31.2529111+07:00 21,150,629,888 38,508,871,680
2026-09-20T21:27:34.2698041+07:00 21,149,544,448 38,508,871,680
2026-09-20T21:27:37.2878874+07:00 21,153,341,440 38,508,871,680
2026-09-20T21:27:40.2968287+07:00 21,246,431,232 38,508,871,680
2026-09-20T21:27:43.3139242+07:00 21,373,673,472 38,508,871,680
2026-09-20T21:27:46.3281968+07:00 21,491,892,224 38,508,871,680
2026-09-20T21:27:49.3382358+07:00 21,649,571,840 38,508,871,680
2026-09-20T21:27:52.3524242+07:00 21,716,602,880 38,508,871,680
2026-09-20T21:27:55.3713367+07:00 21,862,105,088 38,508,871,680
2026-09-20T21:27:58.3833935+07:00 22,031,466,496 38,508,871,680
2026-09-20T21:28:01.3980013+07:00 22,253,363,200 38,508,871,680
2026-09-20T21:28:04.4232994+07:00 22,257,553,408 38,508,871,680
2026-09-20T21:28:07.4314444+07:00 22,367,531,008 38,508,871,680
2026-09-20T21:28:10.4491960+07:00 22,496,186,368 38,508,871,680
2026-09-20T21:28:13.4543541+07:00 22,571,597,824 38,508,871,680
2026-09-20T21:28:16.4624869+07:00 22,690,648,064 38,508,871,680
2026-09-20T21:28:19.4670294+07:00 22,889,201,664 38,508,871,680
2026-09-20T21:28:22.4817104+07:00 22,984,396,800 38,508,871,680
2026-09-20T21:28:25.4949986+07:00 23,070,183,424 38,508,871,680
2026-09-20T21:28:28.5086140+07:00 23,233,449,984 38,508,871,680
2026-09-20T21:28:31.5153817+07:00 23,337,627,648 38,508,871,680
2026-09-20T21:28:34.5371984+07:00 23,442,333,696 38,508,871,680
2026-09-20T21:28:37.5641132+07:00 23,570,927,616 38,508,871,680
2026-09-20T21:28:40.5728767+07:00 23,675,912,192 38,508,871,680
2026-09-20T21:28:43.5761435+07:00 23,783,882,752 38,508,871,680
2026-09-20T21:28:46.5814950+07:00 23,813,173,248 38,508,871,680
2026-09-20T21:28:49.5907464+07:00 23,864,512,512 38,508,871,680
2026-09-20T21:28:52.6172717+07:00 24,100,294,656 38,508,871,680
2026-09-20T21:28:55.6206923+07:00 24,128,335,872 38,508,871,680
2026-09-20T21:28:58.6349691+07:00 24,135,933,952 38,508,871,680
2026-09-20T21:29:01.6464987+07:00 24,153,554,944 38,508,871,680
2026-09-20T21:29:04.6692789+07:00 24,224,108,544 38,508,871,680
2026-09-20T21:29:07.6877555+07:00 24,325,230,592 38,508,871,680
2026-09-20T21:29:10.6997167+07:00 24,432,533,504 38,508,871,680
2026-09-20T21:29:13.7152977+07:00 24,520,466,432 38,508,871,680
2026-09-20T21:29:16.7295611+07:00 24,620,908,544 38,508,871,680
2026-09-20T21:29:19.7457074+07:00 24,767,016,960 38,508,871,680
2026-09-20T21:29:22.7610687+07:00 24,827,654,144 38,508,871,680
2026-09-20T21:29:25.7799791+07:00 24,867,127,296 38,508,871,680
2026-09-20T21:29:28.7902643+07:00 24,950,861,824 38,508,871,680
2026-09-20T21:29:31.8049674+07:00 25,046,171,648 38,508,871,680
2026-09-20T21:29:34.8244043+07:00 25,391,247,360 38,508,871,680
2026-09-20T21:29:37.8432744+07:00 25,391,202,304 38,508,871,680
2026-09-20T21:29:40.8615189+07:00 25,468,772,352 38,508,871,680
2026-09-20T21:29:43.8787063+07:00 25,490,616,320 38,508,871,680
2026-09-20T21:29:46.8993831+07:00 25,520,541,696 38,508,871,680
2026-09-20T21:29:49.9004712+07:00 25,555,644,416 38,508,871,680
2026-09-20T21:29:52.9221174+07:00 25,525,297,152 38,508,871,680
2026-09-20T21:29:55.9330084+07:00 25,621,598,208 38,508,871,680
2026-09-20T21:29:58.9394192+07:00 25,708,666,880 38,508,871,680
2026-09-20T21:30:01.9612597+07:00 25,823,571,968 38,508,871,680
2026-09-20T21:30:04.9753185+07:00 25,906,397,184 38,508,871,680
2026-09-20T21:30:07.9908466+07:00 25,919,365,120 38,508,871,680
2026-09-20T21:30:11.0036479+07:00 26,022,748,160 38,508,871,680
2026-09-20T21:30:14.0174066+07:00 26,131,308,544 38,508,871,680
2026-09-20T21:30:17.0309613+07:00 26,238,205,952 38,508,871,680
2026-09-20T21:30:20.0450361+07:00 26,383,798,272 38,508,871,680
2026-09-20T21:30:23.0672926+07:00 26,394,144,768 38,508,871,680
2026-09-20T21:30:26.0833062+07:00 26,421,444,608 38,508,871,680
2026-09-20T21:30:29.0953030+07:00 26,528,980,992 38,508,871,680
2026-09-20T21:30:32.1029041+07:00 26,636,443,648 38,508,871,680
2026-09-20T21:30:35.1047041+07:00 26,732,634,112 38,508,871,680
2026-09-20T21:30:38.1176933+07:00 26,837,929,984 38,508,871,680
2026-09-20T21:30:41.1410445+07:00 26,941,767,680 38,508,871,680
2026-09-20T21:30:44.1629308+07:00 27,424,509,952 38,508,871,680
2026-09-20T21:30:47.1812793+07:00 27,438,940,160 38,508,871,680
2026-09-20T21:30:50.1886933+07:00 27,455,037,440 38,508,871,680
2026-09-20T21:30:53.2061413+07:00 27,517,083,648 38,508,871,680
2026-09-20T21:30:56.2328375+07:00 27,560,206,336 38,508,871,680
2026-09-20T21:30:59.2513855+07:00 27,626,016,768 38,508,871,680
2026-09-20T21:31:02.2798698+07:00 27,724,525,568 38,508,871,680
2026-09-20T21:31:05.2950017+07:00 27,768,180,736 38,508,871,680
2026-09-20T21:31:08.3213304+07:00 27,811,479,552 38,508,871,680
2026-09-20T21:31:11.3470851+07:00 27,923,910,656 38,508,871,680
2026-09-20T21:31:14.3777764+07:00 28,013,092,864 38,508,871,680
2026-09-20T21:31:17.4017701+07:00 28,066,418,688 38,508,871,680
2026-09-20T21:31:20.4128316+07:00 28,182,142,976 38,508,871,680
2026-09-20T21:31:23.4320587+07:00 28,288,876,544 38,508,871,680
2026-09-20T21:31:26.4461413+07:00 28,377,600,000 38,508,871,680
2026-09-20T21:31:29.4770122+07:00 28,477,673,472 38,508,871,680
2026-09-20T21:31:32.4942661+07:00 28,573,859,840 38,508,871,680
2026-09-20T21:31:35.5181318+07:00 28,680,634,368 38,508,871,680
2026-09-20T21:31:38.5251836+07:00 28,796,841,984 38,508,871,680
2026-09-20T21:31:41.5381344+07:00 28,853,379,072 38,508,871,680
2026-09-20T21:31:44.5587696+07:00 28,897,660,928 38,508,871,680
2026-09-20T21:31:47.5756039+07:00 28,905,996,288 38,508,871,680
2026-09-20T21:31:50.5887128+07:00 28,970,053,632 38,508,871,680
2026-09-20T21:31:53.5952542+07:00 29,023,117,312 38,508,871,680
2026-09-20T21:31:56.6055161+07:00 29,224,423,424 38,508,871,680
2026-09-20T21:31:59.6345005+07:00 29,416,849,408 38,508,871,680
2026-09-20T21:32:02.6446110+07:00 29,661,777,920 38,508,871,680
2026-09-20T21:32:05.6752060+07:00 29,837,606,912 38,508,871,680
2026-09-20T21:32:08.6950664+07:00 29,874,020,352 38,508,871,680
2026-09-20T21:32:11.7196374+07:00 29,922,467,840 38,508,871,680
2026-09-20T21:32:14.7332944+07:00 30,171,705,344 38,508,871,680
2026-09-20T21:32:17.7414949+07:00 30,455,832,576 38,508,871,680
2026-09-20T21:32:20.7655399+07:00 30,494,367,744 38,508,871,680
2026-09-20T21:32:23.7805028+07:00 30,708,883,456 38,508,871,680
2026-09-20T21:32:26.8012652+07:00 30,818,656,256 38,508,871,680
2026-09-20T21:32:29.8264122+07:00 30,951,084,032 38,508,871,680
2026-09-20T21:32:32.8442340+07:00 31,188,668,416 38,508,871,680
2026-09-20T21:32:35.8966804+07:00 31,250,698,240 38,508,871,680
2026-09-20T21:32:38.9048308+07:00 31,341,932,544 38,508,871,680
2026-09-20T21:32:41.9326533+07:00 31,505,625,088 38,508,871,680
2026-09-20T21:32:44.9580268+07:00 31,660,220,416 38,508,871,680
2026-09-20T21:32:47.9729370+07:00 31,713,624,064 38,508,871,680
2026-09-20T21:32:51.0013097+07:00 31,859,761,152 38,508,871,680
2026-09-20T21:32:54.0230245+07:00 31,933,018,112 38,508,871,680
2026-09-20T21:32:57.0304179+07:00 32,046,977,024 38,508,871,680
2026-09-20T21:33:00.0601176+07:00 32,100,556,800 38,508,871,680
2026-09-20T21:33:03.0787528+07:00 32,312,016,896 38,508,871,680
2026-09-20T21:33:06.0852387+07:00 32,515,817,472 38,508,871,680
2026-09-20T21:33:09.1115705+07:00 32,556,871,680 38,508,871,680
2026-09-20T21:33:12.1302239+07:00 32,589,426,688 38,508,871,680
2026-09-20T21:33:15.1443510+07:00 32,643,551,232 38,508,871,680
2026-09-20T21:33:18.1544903+07:00 32,686,919,680 38,508,871,680
2026-09-20T21:33:21.1616489+07:00 32,815,251,456 38,508,871,680
2026-09-20T21:33:24.1768619+07:00 32,950,251,520 38,508,871,680
2026-09-20T21:33:27.2279772+07:00 33,001,254,912 38,508,871,680
2026-09-20T21:33:30.2403072+07:00 33,149,390,848 38,508,871,680
2026-09-20T21:33:33.2570445+07:00 33,303,441,408 38,508,871,680
2026-09-20T21:33:36.2721905+07:00 33,309,003,776 38,508,871,680
2026-09-20T21:33:39.2942605+07:00 33,392,746,496 38,508,871,680
2026-09-20T21:33:42.3049909+07:00 33,486,241,792 38,508,871,680
2026-09-20T21:33:45.3113478+07:00 33,569,460,224 38,508,871,680
2026-09-20T21:33:48.3389137+07:00 33,652,625,408 38,508,871,680
2026-09-20T21:33:51.3473283+07:00 33,692,499,968 38,508,871,680
2026-09-20T21:33:54.3608460+07:00 34,025,783,296 38,508,871,680
2026-09-20T21:33:57.3791737+07:00 34,101,456,896 38,508,871,680
2026-09-20T21:34:00.3949144+07:00 34,284,220,416 38,508,871,680
2026-09-20T21:34:03.4124239+07:00 34,616,995,840 38,508,871,680
2026-09-20T21:34:06.4309657+07:00 34,282,688,512 38,508,871,680
2026-09-20T21:34:09.4327858+07:00 34,279,247,872 38,508,871,680
2026-09-20T21:34:12.4598623+07:00 34,294,759,424 38,508,871,680
2026-09-20T21:34:15.4662618+07:00 34,308,857,856 38,508,871,680
2026-09-20T21:34:18.4765073+07:00 34,321,813,504 38,508,871,680
2026-09-20T21:34:21.4858728+07:00 34,321,969,152 38,508,871,680
2026-09-20T21:34:24.5092172+07:00 34,318,151,680 38,508,871,680
2026-09-20T21:34:27.5360394+07:00 34,391,281,664 38,508,871,680
2026-09-20T21:34:30.5451128+07:00 34,412,359,680 38,508,871,680
2026-09-20T21:34:33.5871621+07:00 34,415,693,824 38,508,871,680
2026-09-20T21:34:36.6075840+07:00 34,409,787,392 38,508,871,680
2026-09-20T21:34:39.6268489+07:00 34,397,913,088 38,508,871,680
2026-09-20T21:34:42.6370458+07:00 34,403,479,552 38,508,871,680
2026-09-20T21:34:45.6457836+07:00 34,406,526,976 38,508,871,680
2026-09-20T21:34:48.6543155+07:00 34,412,752,896 38,508,871,680
2026-09-20T21:34:51.6849414+07:00 34,456,846,336 38,508,871,680
2026-09-20T21:34:54.6993871+07:00 33,818,648,576 38,508,871,680
2026-09-20T21:34:57.7192556+07:00 33,824,018,432 38,508,871,680
2026-09-20T21:35:00.7336670+07:00 33,829,679,104 38,508,871,680
2026-09-20T21:35:03.7393729+07:00 33,769,873,408 38,508,871,680
2026-09-20T21:35:06.7557119+07:00 33,767,141,376 38,508,871,680
2026-09-20T21:35:09.7787634+07:00 33,806,139,392 38,508,871,680
2026-09-20T21:35:12.7971245+07:00 33,827,885,056 38,508,871,680
2026-09-20T21:35:15.8185233+07:00 33,825,677,312 38,508,871,680
2026-09-20T21:35:18.8230659+07:00 33,820,987,392 38,508,871,680
2026-09-20T21:35:21.8283114+07:00 34,168,627,200 38,508,871,680
2026-09-20T21:35:24.8453663+07:00 34,165,571,584 38,508,871,680
2026-09-20T21:35:27.8550681+07:00 34,166,046,720 38,508,871,680
2026-09-20T21:35:30.8639373+07:00 34,166,861,824 38,508,871,680
2026-09-20T21:35:33.8765630+07:00 34,169,257,984 38,508,871,680
2026-09-20T21:35:36.8936774+07:00 34,202,415,104 38,508,871,680
2026-09-20T21:35:39.9076085+07:00 34,301,812,736 38,508,871,680
2026-09-20T21:35:42.9139643+07:00 34,372,104,192 38,508,871,680
2026-09-20T21:35:45.9326924+07:00 34,440,085,504 38,508,871,680
2026-09-20T21:35:48.9421139+07:00 34,521,731,072 38,508,871,680
2026-09-20T21:35:51.9590804+07:00 34,654,732,288 38,508,871,680
2026-09-20T21:35:54.9719224+07:00 34,883,571,712 38,508,871,680
2026-09-20T21:35:57.9881874+07:00 34,967,228,416 38,508,871,680
2026-09-20T21:36:01.0018491+07:00 35,154,403,328 38,508,871,680
2026-09-20T21:36:04.0274572+07:00 35,326,529,536 38,508,871,680
2026-09-20T21:36:07.0329630+07:00 35,562,061,824 38,508,871,680
2026-09-20T21:36:10.0366633+07:00 35,628,417,024 38,508,871,680
2026-09-20T21:36:13.0553525+07:00 35,794,186,240 38,508,871,680
2026-09-20T21:36:16.0817169+07:00 35,992,125,440 38,508,871,680
2026-09-20T21:36:19.1833994+07:00 36,160,577,536 38,508,871,680
2026-09-20T21:36:22.2427552+07:00 36,399,652,864 38,508,871,680
2026-09-20T21:36:25.2685516+07:00 36,543,148,032 38,508,871,680
2026-09-20T21:36:28.2945833+07:00 36,763,136,000 38,508,871,680
2026-09-20T21:36:31.3067478+07:00 36,515,414,016 38,508,871,680
2026-09-20T21:36:34.3197301+07:00 36,591,599,616 38,508,871,680
2026-09-20T21:36:37.3383291+07:00 36,683,341,824 38,508,871,680
2026-09-20T21:36:40.3648762+07:00 36,765,634,560 38,508,871,680
2026-09-20T21:36:43.3718272+07:00 36,757,954,560 38,508,871,680
2026-09-20T21:36:46.3780127+07:00 36,755,464,192 38,508,871,680
2026-09-20T21:36:49.3868420+07:00 36,754,477,056 38,508,871,680
2026-09-20T21:36:52.4019734+07:00 36,752,580,608 38,508,871,680
2026-09-20T21:36:55.4126798+07:00 36,749,578,240 38,508,871,680
2026-09-20T21:36:58.4309322+07:00 36,746,993,664 38,508,871,680
2026-09-20T21:37:01.4389383+07:00 36,747,194,368 38,508,871,680
2026-09-20T21:37:04.4525119+07:00 36,749,434,880 38,508,871,680
2026-09-20T21:37:07.4759321+07:00 36,886,503,424 38,508,871,680
2026-09-20T21:37:10.4903107+07:00 36,913,577,984 38,508,871,680
2026-09-20T21:37:13.5017340+07:00 37,324,632,064 38,508,871,680
2026-09-20T21:37:16.5249046+07:00 37,733,621,760 38,508,871,680
2026-09-20T21:37:19.5423781+07:00 37,739,626,496 38,508,871,680
2026-09-20T21:37:22.5580702+07:00 12,839,702,528 38,508,871,680
2026-09-20T21:37:25.5677294+07:00 12,248,358,912 38,508,871,680
