2026-09-20T21:55:11.1938246+07:00 9,244,942,336
2026-09-20T21:55:14.2101750+07:00 9,729,966,080
2026-09-20T21:55:17.2330814+07:00 10,031,865,856
2026-09-20T21:55:20.2433394+07:00 10,778,599,424
2026-09-20T21:55:23.2681376+07:00 11,238,551,552
2026-09-20T21:55:26.2908019+07:00 15,099,650,048
2026-09-20T21:55:29.3168372+07:00 12,156,571,648
2026-09-20T21:55:32.3357086+07:00 12,880,191,488
2026-09-20T21:55:35.3626890+07:00 13,219,119,104
2026-09-20T21:55:38.4687993+07:00 14,053,781,504
2026-09-20T21:55:41.4921625+07:00 15,211,864,064
2026-09-20T21:55:44.5083427+07:00 15,510,028,288
2026-09-20T21:55:47.5237873+07:00 16,025,698,304
2026-09-20T21:55:50.5373686+07:00 16,218,558,464
2026-09-20T21:55:53.5585942+07:00 16,443,416,576
2026-09-20T21:55:56.5761649+07:00 16,206,741,504
2026-09-20T21:55:59.5769641+07:00 16,407,121,920
2026-09-20T21:56:02.5877242+07:00 16,727,011,328
2026-09-20T21:56:05.5940763+07:00 16,964,177,920
2026-09-20T21:56:08.6058348+07:00 17,142,456,320
2026-09-20T21:56:11.6363106+07:00 17,139,204,096
2026-09-20T21:56:14.6528455+07:00 17,427,128,320
2026-09-20T21:56:17.6676536+07:00 17,604,812,800
2026-09-20T21:56:20.6861136+07:00 17,679,228,928
2026-09-20T21:56:23.6938935+07:00 17,941,712,896
2026-09-20T21:56:26.7015702+07:00 18,086,350,848
2026-09-20T21:56:29.7244547+07:00 18,388,807,680
2026-09-20T21:56:32.7426355+07:00 19,263,758,336
2026-09-20T21:56:35.7539552+07:00 19,259,338,752
2026-09-20T21:56:38.7808024+07:00 19,198,087,168
2026-09-20T21:56:41.8051287+07:00 19,315,978,240
2026-09-20T21:56:44.8093749+07:00 19,651,252,224
2026-09-20T21:56:47.8324781+07:00 20,014,710,784
2026-09-20T21:56:50.8464475+07:00 20,121,694,208
2026-09-20T21:56:53.8606770+07:00 20,341,784,576
2026-09-20T21:56:56.8764598+07:00 20,429,160,448
2026-09-20T21:56:59.8881039+07:00 20,481,843,200
2026-09-20T21:57:02.9068966+07:00 20,639,997,952
2026-09-20T21:57:05.9236673+07:00 20,064,960,512
2026-09-20T21:57:08.9529565+07:00 20,063,690,752
2026-09-20T21:57:11.9587289+07:00 20,054,835,200
2026-09-20T21:57:14.9731070+07:00 20,047,429,632
2026-09-20T21:57:17.9876573+07:00 20,046,528,512
2026-09-20T21:57:21.0141891+07:00 20,045,467,648
2026-09-20T21:57:24.0220010+07:00 20,038,225,920
2026-09-20T21:57:27.0466523+07:00 20,033,175,552
2026-09-20T21:57:30.0704646+07:00 20,033,773,568
2026-09-20T21:57:33.0997921+07:00 20,035,899,392
2026-09-20T21:57:36.1251665+07:00 20,034,461,696
2026-09-20T21:57:39.1436309+07:00 20,036,415,488
2026-09-20T21:57:42.1655234+07:00 20,034,670,592
2026-09-20T21:57:45.1867055+07:00 20,033,167,360
2026-09-20T21:57:48.2083730+07:00 20,027,015,168
2026-09-20T21:57:51.2160811+07:00 20,020,633,600
2026-09-20T21:57:54.2397087+07:00 20,188,168,192
2026-09-20T21:57:57.2660165+07:00 20,184,948,736
2026-09-20T21:58:00.2869412+07:00 20,203,933,696
2026-09-20T21:58:03.2899022+07:00 20,234,928,128
2026-09-20T21:58:06.3136273+07:00 20,363,112,448
2026-09-20T21:58:09.3187682+07:00 20,512,129,024
2026-09-20T21:58:12.3362182+07:00 20,682,772,480
2026-09-20T21:58:15.3618442+07:00 20,892,176,384
2026-09-20T21:58:18.3719370+07:00 21,007,777,792
2026-09-20T21:58:21.3881693+07:00 21,268,418,560
2026-09-20T21:58:24.4121628+07:00 21,381,799,936
2026-09-20T21:58:27.4287054+07:00 21,536,968,704
2026-09-20T21:58:30.4487373+07:00 21,816,135,680
2026-09-20T21:58:33.4644139+07:00 21,776,904,192
2026-09-20T21:58:36.4742979+07:00 22,357,135,360
2026-09-20T21:58:39.4951298+07:00 22,986,256,384
2026-09-20T21:58:42.5051252+07:00 22,888,841,216
2026-09-20T21:58:45.5197281+07:00 22,886,420,480
2026-09-20T21:58:48.5459246+07:00 22,972,784,640
2026-09-20T21:58:51.5670520+07:00 23,029,518,336
2026-09-20T21:58:54.5824461+07:00 23,125,258,240
2026-09-20T21:58:57.6005265+07:00 23,209,406,464
2026-09-20T21:59:00.6181849+07:00 23,348,285,440
2026-09-20T21:59:03.6455393+07:00 23,424,446,464
2026-09-20T21:59:06.6630227+07:00 23,463,903,232
2026-09-20T21:59:09.6669138+07:00 23,555,956,736
2026-09-20T21:59:12.6815423+07:00 23,628,865,536
2026-09-20T21:59:15.6956328+07:00 23,826,837,504
2026-09-20T21:59:18.7062321+07:00 23,887,147,008
2026-09-20T21:59:21.7202747+07:00 23,924,310,016
2026-09-20T21:59:24.7395813+07:00 23,979,479,040
2026-09-20T21:59:27.7680622+07:00 24,104,763,392
2026-09-20T21:59:30.7799789+07:00 24,074,665,984
2026-09-20T21:59:33.7851339+07:00 24,182,050,816
2026-09-20T21:59:36.7958060+07:00 24,266,309,632
2026-09-20T21:59:39.8096790+07:00 24,292,134,912
2026-09-20T21:59:42.8311959+07:00 24,325,632,000
2026-09-20T21:59:45.8505711+07:00 24,416,989,184
2026-09-20T21:59:48.8802301+07:00 24,516,370,432
2026-09-20T21:59:51.9063088+07:00 24,729,559,040
2026-09-20T21:59:54.9135322+07:00 24,917,032,960
2026-09-20T21:59:57.9469515+07:00 24,987,168,768
2026-09-20T22:00:00.9664121+07:00 25,013,198,848
2026-09-20T22:00:03.9899575+07:00 25,018,023,936
2026-09-20T22:00:07.0167131+07:00 25,052,090,368
2026-09-20T22:00:10.0292320+07:00 25,158,492,160
2026-09-20T22:00:13.0537143+07:00 25,330,380,800
2026-09-20T22:00:16.0684190+07:00 25,386,233,856
2026-09-20T22:00:19.0863115+07:00 25,484,214,272
2026-09-20T22:00:22.1144932+07:00 25,585,577,984
2026-09-20T22:00:25.1268689+07:00 25,673,052,160
2026-09-20T22:00:28.1509895+07:00 25,865,560,064
2026-09-20T22:00:31.1704190+07:00 25,868,824,576
2026-09-20T22:00:34.1954661+07:00 25,881,190,400
2026-09-20T22:00:37.2123360+07:00 26,010,607,616
2026-09-20T22:00:40.2405804+07:00 26,094,665,728
2026-09-20T22:00:43.2565182+07:00 26,148,261,888
2026-09-20T22:00:46.2715037+07:00 26,231,922,688
2026-09-20T22:00:49.2886906+07:00 26,253,987,840
2026-09-20T22:00:52.3132380+07:00 26,311,565,312
2026-09-20T22:00:55.3278688+07:00 26,426,777,600
2026-09-20T22:00:58.3358150+07:00 26,494,599,168
2026-09-20T22:01:01.3544751+07:00 26,598,682,624
2026-09-20T22:01:04.3780757+07:00 26,680,242,176
2026-09-20T22:01:07.3937370+07:00 27,172,556,800
2026-09-20T22:01:10.4152244+07:00 27,206,901,760
2026-09-20T22:01:13.4298471+07:00 27,217,330,176
2026-09-20T22:01:16.4435974+07:00 27,227,668,480
2026-09-20T22:01:19.4513758+07:00 27,347,124,224
2026-09-20T22:01:22.4634017+07:00 27,361,619,968
2026-09-20T22:01:25.4897392+07:00 27,399,417,856
2026-09-20T22:01:28.5047840+07:00 27,503,763,456
2026-09-20T22:01:31.5340281+07:00 27,588,018,176
2026-09-20T22:01:34.5553826+07:00 27,673,075,712
2026-09-20T22:01:37.5739051+07:00 27,761,639,424
2026-09-20T22:01:40.5923648+07:00 27,843,244,032
2026-09-20T22:01:43.6049378+07:00 27,909,525,504
2026-09-20T22:01:46.6149600+07:00 28,025,126,912
2026-09-20T22:01:49.6450729+07:00 28,060,823,552
2026-09-20T22:01:52.6604285+07:00 28,151,578,624
2026-09-20T22:01:55.6775060+07:00 28,210,647,040
2026-09-20T22:01:58.7012513+07:00 28,265,644,032
2026-09-20T22:02:01.7186101+07:00 28,377,395,200
2026-09-20T22:02:04.7453992+07:00 28,472,786,944
2026-09-20T22:02:07.7498087+07:00 28,583,006,208
2026-09-20T22:02:10.7700513+07:00 28,639,002,624
2026-09-20T22:02:13.7888496+07:00 28,652,584,960
2026-09-20T22:02:16.8080114+07:00 28,678,213,632
2026-09-20T22:02:19.8213744+07:00 28,704,555,008
2026-09-20T22:02:22.8355423+07:00 28,806,471,680
2026-09-20T22:02:25.8466231+07:00 29,034,721,280
2026-09-20T22:02:28.8512631+07:00 29,192,855,552
2026-09-20T22:02:31.8668765+07:00 29,226,491,904
2026-09-20T22:02:34.8715530+07:00 29,546,348,544
2026-09-20T22:02:37.8919700+07:00 29,766,500,352
2026-09-20T22:02:40.9004252+07:00 30,277,193,728
2026-09-20T22:02:43.9204418+07:00 30,428,479,488
2026-09-20T22:02:46.9303336+07:00 30,583,275,520
2026-09-20T22:02:49.9533749+07:00 30,733,234,176
2026-09-20T22:02:52.9700060+07:00 30,796,152,832
2026-09-20T22:02:55.9859793+07:00 30,933,561,344
2026-09-20T22:02:59.0260969+07:00 31,016,894,464
2026-09-20T22:03:02.0402496+07:00 31,127,670,784
2026-09-20T22:03:05.0552612+07:00 31,209,127,936
2026-09-20T22:03:08.0600126+07:00 31,319,674,880
2026-09-20T22:03:11.0679677+07:00 31,517,945,856
2026-09-20T22:03:14.0931325+07:00 31,650,619,392
2026-09-20T22:03:17.1115661+07:00 31,732,219,904
2026-09-20T22:03:20.1135586+07:00 31,743,504,384
2026-09-20T22:03:23.1280652+07:00 31,809,466,368
2026-09-20T22:03:26.1406382+07:00 31,951,036,416
2026-09-20T22:03:29.1451627+07:00 32,112,246,784
2026-09-20T22:03:32.1621987+07:00 32,136,327,168
2026-09-20T22:03:35.1829719+07:00 32,270,524,416
2026-09-20T22:03:38.1972960+07:00 32,425,680,896
2026-09-20T22:03:41.2323154+07:00 32,442,019,840
2026-09-20T22:03:44.2428533+07:00 32,545,574,912
2026-09-20T22:03:47.2502107+07:00 32,822,419,456
2026-09-20T22:03:50.2670941+07:00 32,920,514,560
2026-09-20T22:03:53.2865467+07:00 33,018,875,904
2026-09-20T22:03:56.2956261+07:00 33,077,878,784
2026-09-20T22:03:59.3109599+07:00 33,275,932,672
2026-09-20T22:04:02.3267983+07:00 33,433,600,000
2026-09-20T22:04:05.3511177+07:00 33,447,129,088
2026-09-20T22:04:08.3763989+07:00 33,647,071,232
2026-09-20T22:04:11.3777742+07:00 33,750,679,552
2026-09-20T22:04:14.3920269+07:00 33,801,027,584
2026-09-20T22:04:17.3943780+07:00 33,937,641,472
2026-09-20T22:04:20.4110504+07:00 34,040,291,328
2026-09-20T22:04:23.4268224+07:00 34,034,778,112
2026-09-20T22:04:26.4398659+07:00 34,082,922,496
2026-09-20T22:04:29.4560567+07:00 34,094,514,176
2026-09-20T22:04:32.4603445+07:00 34,187,939,840
2026-09-20T22:04:35.4671368+07:00 34,249,805,824
2026-09-20T22:04:38.4847286+07:00 34,271,326,208
2026-09-20T22:04:41.4928256+07:00 34,559,832,064
2026-09-20T22:04:44.5092441+07:00 34,780,528,640
2026-09-20T22:04:47.5250540+07:00 35,053,039,616
2026-09-20T22:04:50.5481792+07:00 34,848,649,216
2026-09-20T22:04:53.5619790+07:00 34,886,455,296
2026-09-20T22:04:56.5748656+07:00 34,885,447,680
2026-09-20T22:04:59.5911937+07:00 34,911,592,448
2026-09-20T22:05:02.6090165+07:00 34,908,041,216
2026-09-20T22:05:05.6112611+07:00 34,946,367,488
2026-09-20T22:05:08.6315187+07:00 35,065,167,872
2026-09-20T22:05:11.6478591+07:00 35,145,904,128
2026-09-20T22:05:14.6613449+07:00 35,140,608,000
2026-09-20T22:05:17.6728681+07:00 35,179,421,696
2026-09-20T22:05:20.6858644+07:00 34,659,921,920
2026-09-20T22:05:23.6991343+07:00 34,760,409,088
2026-09-20T22:05:26.7135603+07:00 34,802,884,608
2026-09-20T22:05:29.7304150+07:00 34,305,163,264
2026-09-20T22:05:32.7530163+07:00 34,258,747,392
2026-09-20T22:05:35.7767910+07:00 34,247,725,056
2026-09-20T22:05:38.7954421+07:00 34,216,914,944
2026-09-20T22:05:41.8054929+07:00 34,188,746,752
2026-09-20T22:05:44.8112803+07:00 34,124,558,336
2026-09-20T22:05:47.8312935+07:00 34,292,375,552
2026-09-20T22:05:50.8519051+07:00 34,457,812,992
2026-09-20T22:05:53.8753744+07:00 34,461,155,328
2026-09-20T22:05:56.8897881+07:00 34,461,069,312
2026-09-20T22:05:59.8968935+07:00 34,449,997,824
2026-09-20T22:06:02.9072489+07:00 34,465,468,416
2026-09-20T22:06:05.9337669+07:00 34,458,300,416
2026-09-20T22:06:08.9505362+07:00 34,437,795,840
2026-09-20T22:06:11.9778154+07:00 34,434,486,272
2026-09-20T22:06:14.9877645+07:00 34,484,764,672
2026-09-20T22:06:18.0002991+07:00 34,610,323,456
2026-09-20T22:06:21.0274052+07:00 34,819,919,872
2026-09-20T22:06:24.0507268+07:00 34,990,383,104
2026-09-20T22:06:27.0723195+07:00 35,195,240,448
2026-09-20T22:06:30.0895033+07:00 35,341,381,632
2026-09-20T22:06:33.1040266+07:00 35,542,319,104
2026-09-20T22:06:36.1312319+07:00 35,723,419,648
2026-09-20T22:06:39.1511931+07:00 35,909,410,816
2026-09-20T22:06:42.1649138+07:00 36,079,583,232
2026-09-20T22:06:45.4147448+07:00 36,080,328,704
2026-09-20T22:06:48.6684422+07:00 36,211,695,616
2026-09-20T22:06:51.8775999+07:00 36,310,929,408
2026-09-20T22:06:54.9499318+07:00 36,450,680,832
2026-09-20T22:06:58.4300659+07:00 36,605,419,520
2026-09-20T22:07:03.2058557+07:00 36,851,720,192
2026-09-20T22:07:07.0980550+07:00 36,928,499,712
2026-09-20T22:07:10.1166301+07:00 37,018,161,152
2026-09-20T22:07:13.1471106+07:00 37,155,479,552
2026-09-20T22:07:16.1637188+07:00 36,898,598,912
2026-09-20T22:07:19.1770059+07:00 36,952,838,144
2026-09-20T22:07:22.1888488+07:00 37,023,166,464
2026-09-20T22:07:25.2146689+07:00 37,146,382,336
2026-09-20T22:07:28.2237573+07:00 37,129,940,992
2026-09-20T22:07:31.2498609+07:00 37,129,990,144
2026-09-20T22:07:34.2715085+07:00 37,200,179,200
2026-09-20T22:07:37.2979133+07:00 37,199,253,504
2026-09-20T22:07:40.3038565+07:00 37,209,804,800
2026-09-20T22:07:43.3078247+07:00 37,210,947,584
2026-09-20T22:07:46.3211339+07:00 37,199,409,152
2026-09-20T22:07:49.3502978+07:00 37,201,195,008
2026-09-20T22:07:52.3665000+07:00 37,327,560,704
2026-09-20T22:07:55.3739600+07:00 37,364,166,656
2026-09-20T22:07:58.3975705+07:00 37,564,944,384
2026-09-20T22:08:01.4248533+07:00 38,073,884,672
2026-09-20T22:08:04.4355241+07:00 13,320,622,080
2026-09-20T22:08:07.4614236+07:00 12,651,065,344
