2026-09-20T20:22:57.6836692+07:00 11,268,243,456 38,513,995,776
2026-09-20T20:23:00.7198266+07:00 11,677,310,976 38,513,995,776
2026-09-20T20:23:03.7395906+07:00 12,042,399,744 38,513,995,776
2026-09-20T20:23:06.7486315+07:00 12,337,221,632 38,513,995,776
2026-09-20T20:23:09.7796676+07:00 12,440,162,304 38,509,215,744
2026-09-20T20:23:12.8077963+07:00 15,178,780,672 38,509,215,744
2026-09-20T20:23:15.8253838+07:00 13,438,816,256 38,509,215,744
2026-09-20T20:23:18.8372328+07:00 13,974,138,880 38,509,215,744
2026-09-20T20:23:21.8622652+07:00 14,207,275,008 38,509,215,744
2026-09-20T20:23:24.8806869+07:00 14,846,246,912 38,509,215,744
2026-09-20T20:23:27.8902231+07:00 15,105,413,120 38,509,215,744
2026-09-20T20:23:30.9003483+07:00 15,456,681,984 38,509,215,744
2026-09-20T20:23:33.9069586+07:00 15,781,076,992 38,509,215,744
2026-09-20T20:23:36.9309131+07:00 16,187,531,264 38,509,215,744
2026-09-20T20:23:39.9479119+07:00 15,882,170,368 38,509,215,744
2026-09-20T20:23:42.9526815+07:00 16,061,919,232 38,509,215,744
2026-09-20T20:23:45.9674865+07:00 16,373,784,576 38,509,215,744
2026-09-20T20:23:48.9901624+07:00 16,618,930,176 38,509,215,744
2026-09-20T20:23:52.0061075+07:00 16,917,053,440 38,509,215,744
2026-09-20T20:23:55.0211643+07:00 17,073,373,184 38,509,215,744
2026-09-20T20:23:58.0360876+07:00 17,251,213,312 38,509,215,744
2026-09-20T20:24:01.0521668+07:00 17,509,253,120 38,509,215,744
2026-09-20T20:24:04.0645879+07:00 17,724,870,656 38,509,215,744
2026-09-20T20:24:07.0794591+07:00 17,800,060,928 38,509,215,744
2026-09-20T20:24:10.1042196+07:00 18,025,566,208 38,509,215,744
2026-09-20T20:24:13.1197760+07:00 18,181,128,192 38,509,215,744
2026-09-20T20:24:16.1291003+07:00 18,561,445,888 38,509,215,744
2026-09-20T20:24:19.1453616+07:00 18,809,188,352 38,509,215,744
2026-09-20T20:24:22.1736279+07:00 19,294,179,328 38,509,215,744
2026-09-20T20:24:25.2002738+07:00 19,288,371,200 38,509,215,744
2026-09-20T20:24:28.2265421+07:00 19,373,748,224 38,509,215,744
2026-09-20T20:24:31.2419047+07:00 19,711,897,600 38,509,215,744
2026-09-20T20:24:34.2609277+07:00 20,005,687,296 38,509,215,744
2026-09-20T20:24:37.2630151+07:00 20,101,001,216 38,509,215,744
2026-09-20T20:24:40.2891015+07:00 20,339,568,640 38,509,215,744
2026-09-20T20:24:43.3085978+07:00 20,515,033,088 38,509,215,744
2026-09-20T20:24:46.3202133+07:00 20,704,747,520 38,509,215,744
2026-09-20T20:24:49.3476113+07:00 20,238,020,608 38,509,215,744
2026-09-20T20:24:52.3680381+07:00 20,237,389,824 38,509,215,744
2026-09-20T20:24:55.3782287+07:00 20,235,071,488 38,509,215,744
2026-09-20T20:24:58.3831472+07:00 20,237,373,440 38,509,215,744
2026-09-20T20:25:01.3981045+07:00 20,240,437,248 38,509,215,744
2026-09-20T20:25:04.4159641+07:00 20,234,530,816 38,509,215,744
2026-09-20T20:25:07.4384756+07:00 20,220,710,912 38,509,215,744
2026-09-20T20:25:10.4641100+07:00 20,216,897,536 38,509,215,744
2026-09-20T20:25:13.4807841+07:00 20,217,147,392 38,509,215,744
2026-09-20T20:25:16.4945455+07:00 20,218,220,544 38,509,215,744
2026-09-20T20:25:19.5019913+07:00 20,215,943,168 38,509,215,744
2026-09-20T20:25:22.5135346+07:00 20,222,922,752 38,509,215,744
2026-09-20T20:25:25.5289079+07:00 20,022,349,824 38,509,215,744
2026-09-20T20:25:28.5442919+07:00 19,965,497,344 38,509,215,744
2026-09-20T20:25:31.5685481+07:00 20,028,575,744 38,509,215,744
2026-09-20T20:25:34.5877663+07:00 20,024,131,584 38,509,215,744
2026-09-20T20:25:37.5940019+07:00 20,184,068,096 38,509,215,744
2026-09-20T20:25:40.6065440+07:00 20,183,584,768 38,509,215,744
2026-09-20T20:25:43.6348778+07:00 20,237,066,240 38,509,215,744
2026-09-20T20:25:46.6524171+07:00 20,365,213,696 38,509,215,744
2026-09-20T20:25:49.6619924+07:00 20,504,391,680 38,509,215,744
2026-09-20T20:25:52.6783224+07:00 20,664,205,312 38,509,215,744
2026-09-20T20:25:55.7090736+07:00 20,810,252,288 38,509,215,744
2026-09-20T20:25:58.7191578+07:00 20,983,623,680 38,509,215,744
2026-09-20T20:26:01.7214930+07:00 21,120,577,536 38,509,215,744
2026-09-20T20:26:04.7433915+07:00 21,261,996,032 38,509,215,744
2026-09-20T20:26:07.7522314+07:00 21,423,378,432 38,509,215,744
2026-09-20T20:26:10.7608057+07:00 21,595,209,728 38,509,215,744
2026-09-20T20:26:13.7785404+07:00 21,757,489,152 38,509,215,744
2026-09-20T20:26:16.8017473+07:00 21,940,494,336 38,509,215,744
2026-09-20T20:26:19.8095589+07:00 21,984,624,640 38,509,215,744
2026-09-20T20:26:22.8360509+07:00 22,186,393,600 38,509,215,744
2026-09-20T20:26:25.8533754+07:00 22,310,875,136 38,509,215,744
2026-09-20T20:26:28.8699089+07:00 22,454,489,088 38,509,215,744
2026-09-20T20:26:31.8882452+07:00 22,601,826,304 38,509,215,744
2026-09-20T20:26:34.8994617+07:00 22,742,827,008 38,509,215,744
2026-09-20T20:26:37.9133031+07:00 23,028,256,768 38,509,215,744
2026-09-20T20:26:40.9187419+07:00 23,067,758,592 38,509,215,744
2026-09-20T20:26:43.9472979+07:00 23,082,479,616 38,509,215,744
2026-09-20T20:26:46.9661394+07:00 23,186,444,288 38,509,215,744
2026-09-20T20:26:49.9819968+07:00 23,326,683,136 38,509,215,744
2026-09-20T20:26:52.9880247+07:00 23,441,838,080 38,509,215,744
2026-09-20T20:26:56.0101090+07:00 23,579,303,936 38,509,215,744
2026-09-20T20:26:59.0220440+07:00 23,713,935,360 38,509,215,744
2026-09-20T20:27:02.0350927+07:00 23,738,327,040 38,509,215,744
2026-09-20T20:27:05.0599697+07:00 23,869,194,240 38,509,215,744
2026-09-20T20:27:08.0847678+07:00 23,984,185,344 38,509,215,744
2026-09-20T20:27:11.0949239+07:00 24,369,922,048 38,509,215,744
2026-09-20T20:27:14.1193129+07:00 24,473,341,952 38,509,215,744
2026-09-20T20:27:17.1465178+07:00 24,481,193,984 38,509,215,744
2026-09-20T20:27:20.1648335+07:00 24,495,366,144 38,509,215,744
2026-09-20T20:27:23.1917516+07:00 24,541,999,104 38,509,215,744
2026-09-20T20:27:26.2087381+07:00 24,614,797,312 38,509,215,744
2026-09-20T20:27:29.2185499+07:00 24,736,862,208 38,509,215,744
2026-09-20T20:27:32.2405514+07:00 24,839,417,856 38,509,215,744
2026-09-20T20:27:35.2621482+07:00 24,945,991,680 38,509,215,744
2026-09-20T20:27:38.2749280+07:00 25,056,952,320 38,509,215,744
2026-09-20T20:27:41.2996727+07:00 25,154,109,440 38,509,215,744
2026-09-20T20:27:44.3197412+07:00 25,249,894,400 38,509,215,744
2026-09-20T20:27:47.3333397+07:00 25,362,358,272 38,509,215,744
2026-09-20T20:27:50.3546619+07:00 25,390,403,584 38,509,215,744
2026-09-20T20:27:53.3666265+07:00 25,481,232,384 38,509,215,744
2026-09-20T20:27:56.3911871+07:00 25,623,220,224 38,509,215,744
2026-09-20T20:27:59.4100605+07:00 25,724,600,320 38,509,215,744
2026-09-20T20:28:02.4302414+07:00 25,836,670,976 38,509,215,744
2026-09-20T20:28:05.4435738+07:00 25,956,438,016 38,509,215,744
2026-09-20T20:28:08.4619614+07:00 26,018,058,240 38,509,215,744
2026-09-20T20:28:11.4755499+07:00 26,072,776,704 38,509,215,744
2026-09-20T20:28:14.4916532+07:00 26,169,561,088 38,509,215,744
2026-09-20T20:28:17.5079042+07:00 26,747,654,144 38,509,215,744
2026-09-20T20:28:20.5122003+07:00 26,730,639,360 38,509,215,744
2026-09-20T20:28:23.5380198+07:00 26,738,929,664 38,509,215,744
2026-09-20T20:28:26.5576818+07:00 26,757,148,672 38,509,215,744
2026-09-20T20:28:29.5750520+07:00 26,822,574,080 38,509,215,744
2026-09-20T20:28:32.5891518+07:00 26,861,309,952 38,509,215,744
2026-09-20T20:28:35.6014924+07:00 26,871,521,280 38,509,215,744
2026-09-20T20:28:38.6197528+07:00 26,981,908,480 38,509,215,744
2026-09-20T20:28:41.6283559+07:00 27,085,991,936 38,509,215,744
2026-09-20T20:28:44.6381903+07:00 27,194,511,360 38,509,215,744
2026-09-20T20:28:47.6529886+07:00 27,287,920,640 38,509,215,744
2026-09-20T20:28:50.6698046+07:00 27,387,088,896 38,509,215,744
2026-09-20T20:28:53.6964476+07:00 27,496,972,288 38,509,215,744
2026-09-20T20:28:56.7120253+07:00 27,600,580,608 38,509,215,744
2026-09-20T20:28:59.7340402+07:00 27,685,748,736 38,509,215,744
2026-09-20T20:29:02.7483426+07:00 27,786,022,912 38,509,215,744
2026-09-20T20:29:05.7735579+07:00 27,889,319,936 38,509,215,744
2026-09-20T20:29:08.7946727+07:00 27,950,268,416 38,509,215,744
2026-09-20T20:29:11.8005353+07:00 28,050,206,720 38,509,215,744
2026-09-20T20:29:14.8266057+07:00 28,148,133,888 38,509,215,744
2026-09-20T20:29:17.8445174+07:00 28,203,577,344 38,509,215,744
2026-09-20T20:29:20.8548286+07:00 28,220,428,288 38,509,215,744
2026-09-20T20:29:23.8659798+07:00 28,279,390,208 38,509,215,744
2026-09-20T20:29:26.8839377+07:00 28,362,113,024 38,509,215,744
2026-09-20T20:29:29.9075611+07:00 28,422,922,240 38,509,215,744
2026-09-20T20:29:32.9286249+07:00 28,625,772,544 38,509,215,744
2026-09-20T20:29:35.9379510+07:00 28,868,771,840 38,509,215,744
2026-09-20T20:29:38.9507137+07:00 28,956,774,400 38,509,215,744
2026-09-20T20:29:41.9603810+07:00 29,143,080,960 38,509,215,744
2026-09-20T20:29:44.9859406+07:00 29,416,144,896 38,509,215,744
2026-09-20T20:29:47.9917175+07:00 29,671,976,960 38,509,215,744
2026-09-20T20:29:51.0109871+07:00 29,711,241,216 38,509,215,744
2026-09-20T20:29:54.0275054+07:00 29,792,526,336 38,509,215,744
2026-09-20T20:29:57.0545839+07:00 29,861,576,704 38,509,215,744
2026-09-20T20:30:00.0635106+07:00 30,022,606,848 38,509,215,744
2026-09-20T20:30:03.0879308+07:00 30,193,201,152 38,509,215,744
2026-09-20T20:30:06.1013871+07:00 30,256,340,992 38,509,215,744
2026-09-20T20:30:09.1138597+07:00 30,496,657,408 38,509,215,744
2026-09-20T20:30:12.1262062+07:00 30,571,925,504 38,509,215,744
2026-09-20T20:30:15.1398398+07:00 30,623,395,840 38,509,215,744
2026-09-20T20:30:18.1586123+07:00 30,802,350,080 38,509,215,744
2026-09-20T20:30:21.1755835+07:00 30,969,098,240 38,509,215,744
2026-09-20T20:30:24.1994883+07:00 31,115,419,648 38,509,215,744
2026-09-20T20:30:27.2428659+07:00 31,119,781,888 38,509,215,744
2026-09-20T20:30:30.2568560+07:00 31,164,542,976 38,509,215,744
2026-09-20T20:30:33.2852249+07:00 31,266,238,464 38,509,215,744
2026-09-20T20:30:36.3142746+07:00 31,408,336,896 38,509,215,744
2026-09-20T20:30:39.3338235+07:00 31,632,564,224 38,509,215,744
2026-09-20T20:30:42.3406101+07:00 31,844,626,432 38,509,215,744
2026-09-20T20:30:45.3550901+07:00 31,879,970,816 38,509,215,744
2026-09-20T20:30:48.3684029+07:00 31,923,675,136 38,509,215,744
2026-09-20T20:30:51.3732966+07:00 31,983,493,120 38,509,215,744
2026-09-20T20:30:54.3847809+07:00 32,054,448,128 38,509,215,744
2026-09-20T20:30:57.4159431+07:00 32,172,740,608 38,509,215,744
2026-09-20T20:31:00.4314366+07:00 32,301,604,864 38,509,215,744
2026-09-20T20:31:03.4613578+07:00 32,422,490,112 38,509,215,744
2026-09-20T20:31:06.4644975+07:00 32,519,860,224 38,509,215,744
2026-09-20T20:31:09.4870387+07:00 32,625,946,624 38,509,215,744
2026-09-20T20:31:12.5080989+07:00 32,728,166,400 38,509,215,744
2026-09-20T20:31:15.5167074+07:00 32,790,818,816 38,509,215,744
2026-09-20T20:31:18.5282551+07:00 32,844,599,296 38,509,215,744
2026-09-20T20:31:21.5542834+07:00 32,979,812,352 38,509,215,744
2026-09-20T20:31:24.5728250+07:00 33,044,598,784 38,509,215,744
2026-09-20T20:31:27.5865830+07:00 33,137,901,568 38,509,215,744
2026-09-20T20:31:30.5979393+07:00 33,307,799,552 38,509,215,744
2026-09-20T20:31:33.6202430+07:00 33,569,816,576 38,509,215,744
2026-09-20T20:31:36.6361882+07:00 33,847,296,000 38,509,215,744
2026-09-20T20:31:39.6672097+07:00 33,698,193,408 38,509,215,744
2026-09-20T20:31:42.6942580+07:00 33,639,706,624 38,509,215,744
2026-09-20T20:31:45.7077043+07:00 33,642,299,392 38,509,215,744
2026-09-20T20:31:48.7216210+07:00 33,649,651,712 38,509,215,744
2026-09-20T20:31:51.7441993+07:00 33,649,135,616 38,509,215,744
2026-09-20T20:31:54.7658177+07:00 33,650,827,264 38,509,215,744
2026-09-20T20:31:57.7795077+07:00 33,644,146,688 38,509,215,744
2026-09-20T20:32:00.7848414+07:00 33,644,707,840 38,509,215,744
2026-09-20T20:32:03.8032086+07:00 33,645,043,712 38,509,215,744
2026-09-20T20:32:06.8154714+07:00 33,643,687,936 38,509,215,744
2026-09-20T20:32:09.8418923+07:00 33,636,958,208 38,509,215,744
2026-09-20T20:32:12.8556572+07:00 33,636,745,216 38,509,215,744
2026-09-20T20:32:15.8708576+07:00 33,636,720,640 38,509,215,744
2026-09-20T20:32:18.8785734+07:00 33,636,773,888 38,509,215,744
2026-09-20T20:32:21.8955057+07:00 33,638,907,904 38,509,215,744
2026-09-20T20:32:24.9349497+07:00 33,048,309,760 38,509,215,744
2026-09-20T20:32:27.9542189+07:00 33,051,529,216 38,509,215,744
2026-09-20T20:32:30.9627898+07:00 33,048,879,104 38,509,215,744
2026-09-20T20:32:33.9751554+07:00 33,049,821,184 38,509,215,744
2026-09-20T20:32:36.9793947+07:00 33,049,591,808 38,509,215,744
2026-09-20T20:32:40.0060820+07:00 33,046,495,232 38,509,215,744
2026-09-20T20:32:43.0249914+07:00 33,201,254,400 38,509,215,744
2026-09-20T20:32:46.0495502+07:00 33,395,396,608 38,509,215,744
2026-09-20T20:32:49.0571362+07:00 33,394,663,424 38,509,215,744
2026-09-20T20:32:52.0770379+07:00 33,391,849,472 38,509,215,744
2026-09-20T20:32:55.0924343+07:00 33,395,478,528 38,509,215,744
2026-09-20T20:32:58.1144225+07:00 33,400,487,936 38,509,215,744
2026-09-20T20:33:01.1298615+07:00 33,539,821,568 38,509,215,744
2026-09-20T20:33:04.1308601+07:00 33,586,958,336 38,509,215,744
2026-09-20T20:33:07.1562979+07:00 33,671,548,928 38,509,215,744
2026-09-20T20:33:10.1661765+07:00 33,736,642,560 38,509,215,744
2026-09-20T20:33:13.1765227+07:00 33,988,075,520 38,509,215,744
2026-09-20T20:33:16.2059003+07:00 34,226,642,944 38,509,215,744
2026-09-20T20:33:19.2157280+07:00 34,449,911,808 38,509,215,744
2026-09-20T20:33:22.2406850+07:00 34,611,994,624 38,509,215,744
2026-09-20T20:33:25.2502703+07:00 34,788,388,864 38,509,215,744
2026-09-20T20:33:28.2650686+07:00 34,933,157,888 38,509,215,744
2026-09-20T20:33:31.2810164+07:00 35,037,827,072 38,509,215,744
2026-09-20T20:33:34.3047727+07:00 35,077,898,240 38,509,215,744
2026-09-20T20:33:37.3234530+07:00 35,192,426,496 38,509,215,744
2026-09-20T20:33:40.3367839+07:00 35,307,798,528 38,509,215,744
2026-09-20T20:33:43.3519283+07:00 35,414,708,224 38,509,215,744
2026-09-20T20:33:46.3666199+07:00 35,608,883,200 38,509,215,744
2026-09-20T20:33:49.3791013+07:00 35,921,145,856 38,509,215,744
2026-09-20T20:33:52.3999509+07:00 36,056,465,408 38,509,215,744
2026-09-20T20:33:55.4261566+07:00 35,934,605,312 38,509,215,744
2026-09-20T20:33:58.4476227+07:00 36,011,425,792 38,509,215,744
2026-09-20T20:34:01.4607370+07:00 36,100,755,456 38,509,215,744
2026-09-20T20:34:04.4795956+07:00 36,175,642,624 38,509,215,744
2026-09-20T20:34:07.4948074+07:00 36,190,298,112 38,509,215,744
2026-09-20T20:34:10.5099282+07:00 36,186,697,728 38,509,215,744
2026-09-20T20:34:13.5409240+07:00 36,172,918,784 38,509,215,744
2026-09-20T20:34:16.5563859+07:00 36,178,083,840 38,509,215,744
2026-09-20T20:34:19.5635290+07:00 36,175,470,592 38,509,215,744
2026-09-20T20:34:22.5743604+07:00 36,180,475,904 38,509,215,744
2026-09-20T20:34:25.5977937+07:00 36,179,849,216 38,509,215,744
2026-09-20T20:34:28.6147471+07:00 36,185,444,352 38,509,215,744
2026-09-20T20:34:31.6385172+07:00 36,349,587,456 38,509,215,744
2026-09-20T20:34:34.6517949+07:00 36,358,737,920 38,509,215,744
2026-09-20T20:34:37.6591180+07:00 36,552,085,504 38,509,215,744
2026-09-20T20:34:40.6840464+07:00 37,164,371,968 38,509,215,744
2026-09-20T20:34:43.7010911+07:00 37,166,383,104 38,509,215,744
2026-09-20T20:34:46.8578221+07:00 12,400,795,648 38,509,215,744
2026-09-20T20:34:49.8768186+07:00 11,997,585,408 38,509,215,744
2026-09-20T20:34:52.8890678+07:00 11,060,346,880 38,509,215,744
